"1 (Manual)"	"9 (UMAP/fSOM)"	"2 (OG/fSOM)"	"4 (t-SNE/fSOM)"	"2 (t-SNE/fSOM)"	"6 (t-SNE/fSOM)"	"8 (t-SNE/fSOM)"	"2 (Manual)"	"3 (OG/fSOM)"	"4 (UMAP/fSOM)"	"3 (t-SNE/fSOM)"	"6 (OG/fSOM)"	"10 (t-SNE/fSOM)"	"7 (UMAP/fSOM)"	"3 (Manual)"	"9 (OG/fSOM)"	"2 (UMAP/fSOM)"	"9 (t-SNE/fSOM)"	"7 (OG/fSOM)"	"8 (OG/fSOM)"	"6 (Manual)"	"1 (UMAP/fSOM)"	"5 (t-SNE/fSOM)"	"7 (Manual)"	"3 (UMAP/fSOM)"	"1 (OG/fSOM)"	"7 (t-SNE/fSOM)"	"10 (OG/fSOM)"	"6 (UMAP/fSOM)"	"5 (OG/fSOM)"	"4 (Manual)"	"5 (Manual)"	"4 (OG/fSOM)"	"1 (t-SNE/fSOM)"	"5 (UMAP/fSOM)"
"5 (UMAP/fSOM)"	75.6841400238099	75.6533367912715	75.6590112852919	78.358856246506	76.2131474868459	76.7090589808843	77.2940892225956	82.800207664099	82.8160173700597	82.8041903508877	82.8041865964354	83.3577793825894	83.2922601423508	83.2955190894503	90.0213022996088	88.2443601706755	88.8049988299629	88.8089194221587	88.9198611465316	87.3979213550521	87.384042094599	87.3735719976369	87.3729898936529	89.8476122420708	89.8377732887128	89.8373089873211	89.8388063755975	92.9255150831456	92.3930312508753	92.6403825316559	96.2056310962614	99.1967990427519	99.9656455378147	99.9957473694178	100
"1 (t-SNE/fSOM)"	75.6826051285426	75.651801695154	75.6574764629547	78.3582673258495	76.2127072762949	76.7087216757537	77.2937949881296	82.7995968692837	82.8154014093159	82.8035759266975	82.8035718632331	83.3573799523004	83.2918577807398	83.2951167177127	90.0201615098407	88.2431073607611	88.8040372570842	88.8079574931802	88.9197433664814	87.3971726763541	87.3832921998517	87.3728270195242	87.3722446728333	89.8460420295058	89.8361999963764	89.8357367282483	89.8372339849442	92.9256082310985	92.3910731582481	92.6384150224429	96.203470247773	99.1990225587564	99.9687482445535	100	99.9957473694178
"4 (OG/fSOM)"	75.6712253919245	75.6404214054209	75.6460935823065	78.3527000577054	76.2083161293222	76.7044578005461	77.2890469415087	82.7930893554811	82.8088742525479	82.7970547419591	82.7970489777969	83.3542481085246	83.288532314842	83.2918600474363	90.0120122530539	88.236705528834	88.797239690467	88.8011488634765	88.9124117368133	87.3893642167069	87.3754075448008	87.3650034067175	87.3644210898436	89.834519682504	89.8246319523657	89.8241849743212	89.82567795974	92.924249040014	92.3715378563711	92.6190067338841	96.1847332528422	99.2221064953231	100	99.9687482445535	99.9656455378147
"5 (Manual)"	75.4218828088322	75.3911686793606	75.3967877403317	78.2031076574141	76.0591792703255	76.5388150827867	77.1155590373751	82.653126348723	82.6687533105613	82.6569837101357	82.6569755361757	83.2277904445432	83.1616599442671	83.1646511757979	89.7525267349858	88.0122714399992	88.563595503216	88.5673805283309	88.6663206295901	87.1597367730737	87.1455482197398	87.1358311946023	87.1352332855396	89.6342772153578	89.6241365077998	89.6239262671574	89.6253400405167	92.7507815080781	92.0348419023433	92.2724766510902	95.5073534584122	100	99.2221064953231	99.1990225587564	99.1967990427519
"4 (Manual)"	76.1048241197313	76.0740512062782	76.0792654228895	78.8122893615672	76.9082779991217	77.2762276173242	77.7538052535211	83.376655885654	83.3940327114094	83.3818320766509	83.3819314087195	84.1470349126025	84.0712411306288	84.077410187043	90.9679733267221	89.3673333212871	89.8240560623174	89.8282336621675	89.5193301343679	88.2428685215534	88.226352078788	88.2188493325774	88.2183637886306	90.5480183013772	90.5387461869145	90.5376784855544	90.5392788689844	93.0944879593538	93.643401680593	93.9203999046996	100	95.5073534584122	96.1847332528422	96.203470247773	96.2056310962614
"5 (OG/fSOM)"	76.2116072649239	76.1801680367805	76.1860274951932	78.5689175605017	76.949988190367	76.9166159794756	77.2588889527493	82.5540421705821	82.5726036310045	82.5602238486408	82.5602544227789	84.098767924754	84.0471921000179	84.040226799595	90.4235538372805	88.5312654328007	89.2891983777929	89.2933590421279	89.2306769513815	88.1152210188068	88.1149317013028	88.105654406515	88.1051612574613	90.5709122059029	90.5709887046797	90.5689000381194	90.5708590589099	90.9557212934757	99.5418709210795	100	93.9203999046996	92.2724766510902	92.6190067338841	92.6384150224429	92.6403825316559
"6 (UMAP/fSOM)"	76.2309023468327	76.1995073796922	76.2053783448121	78.5782926144316	76.9611771401368	76.8908195717433	77.2290024909841	82.5420736858207	82.5607642438667	82.5483721689205	82.5484152921721	84.0785856357132	84.0294898039962	84.0214322416522	90.3677151145645	88.4794684479805	89.2324023692266	89.2365814814806	89.1524606677098	88.0745991507194	88.0749541431176	88.0654211609333	88.0649324192897	90.5815446751246	90.5823322112691	90.5801530139259	90.5820913779946	90.7501860537233	100	99.5418709210795	93.643401680593	92.0348419023433	92.3715378563711	92.3910731582481	92.3930312508753
"10 (OG/fSOM)"	76.7027848639561	76.6766740739106	76.6835109861653	80.7754012382311	78.8656798063306	79.4649701517008	79.956020114289	82.4705855765027	82.4854738518005	82.4744518771318	82.4745953674178	87.0492226014763	86.9853581833881	86.9988031042998	91.8582069381928	89.7157439201514	90.7314298844234	90.7343443371752	91.3054300007034	90.9760745152294	90.9511929062929	90.9539028021345	90.9536359159266	88.8193967772534	88.8105948233892	88.8104272689732	88.8115508559534	100	90.7501860537233	90.9557212934757	93.0944879593538	92.7507815080781	92.924249040014	92.9256082310985	92.9255150831456
"7 (t-SNE/fSOM)"	74.0780516844632	74.047182639535	74.0509150041291	79.254498270865	76.9880481775893	77.2917590981096	77.6334276953935	86.66805004902	86.6920187856216	86.6786636842952	86.6794946936446	82.6314500938102	82.5467250545844	82.541365081934	89.8606132084096	90.2503943033112	90.2910692073853	90.294096529126	87.1807787288716	86.993785555602	86.9855576094146	86.9803499979712	86.9793880827148	99.9667172201198	99.9902709199626	99.9961135416915	100	88.8115508559534	90.5820913779946	90.5708590589099	90.5392788689844	89.6253400405167	89.82567795974	89.8372339849442	89.8388063755975
"1 (OG/fSOM)"	74.0765339580111	74.0456611296589	74.0493940219076	79.2543511116774	76.9877863768195	77.2911486528908	77.6327672359431	86.6673127883994	86.6912828368405	86.677927983849	86.6787594770758	82.6308871214867	82.546165707471	82.540805021824	89.8601981750163	90.2508436842795	90.2910834747439	90.2941088119377	87.1795625399646	86.9930903800819	86.9848525230226	86.9796471923662	86.978685418204	99.9676506285905	99.9887865958455	100	99.9961135416915	88.8104272689732	90.5801530139259	90.5689000381194	90.5376784855544	89.6239262671574	89.8241849743212	89.8357367282483	89.8373089873211
"3 (UMAP/fSOM)"	74.0831774668987	74.0523096903537	74.056042004407	79.2581308081736	76.9920325469809	77.2954762849724	77.637102972743	86.6734367114497	86.6974081416521	86.6840541771319	86.6848852886221	82.6313389513155	82.5466226765975	82.5412608999846	89.8602765232768	90.2499205662093	90.290388388084	90.293416796682	87.1803310988325	86.9935065587108	86.9852841023365	86.9800714910351	86.9791100568348	99.9597434700413	100	99.9887865958455	99.9902709199626	88.8105948233892	90.5823322112691	90.5709887046797	90.5387461869145	89.6241365077998	89.8246319523657	89.8361999963764	89.8377732887128
"7 (Manual)"	74.0624953119621	74.0315812377622	74.0353240753715	79.2426641075806	76.976686005895	77.2808300145758	77.6228867557052	86.6579606413004	86.6819232199055	86.66856554317	86.6693994238102	82.6296998068632	82.544897020454	82.5395893981921	89.8692988072365	90.2632515869169	90.3032993097134	90.306323817544	87.1893384389333	87.0030159203427	86.9947208312767	86.9895064710401	86.9885431775388	100	99.9597434700413	99.9676506285905	99.9667172201198	88.8193967772534	90.5815446751246	90.5709122059029	90.5480183013772	89.6342772153578	89.834519682504	89.8460420295058	89.8476122420708
"5 (t-SNE/fSOM)"	76.436743312348	76.4076363240022	76.4156021922731	80.2651652127887	78.7451434257168	79.5210563007582	79.9278446103806	80.8137851566697	80.834066452652	80.8228690452656	80.823856623555	85.6607410026256	85.6132912295795	85.6264203345281	91.8227239092815	90.2901081361533	91.5770889719771	91.578765475248	93.1731418434229	99.9347632627199	99.94692840003	99.9971277031496	100	86.9885431775388	86.9791100568348	86.978685418204	86.9793880827148	90.9536359159266	88.0649324192897	88.1051612574613	88.2183637886306	87.1352332855396	87.3644210898436	87.3722446728333	87.3729898936529
"1 (UMAP/fSOM)"	76.4351699395088	76.4060638358434	76.414029217782	80.2638126220689	78.7435926731436	79.5196438524927	79.9264893020091	80.8147963439346	80.8350786852387	80.8238805905743	80.8248682164764	85.6598373607487	85.6123721085551	85.6254934034232	91.8223691456807	90.2897327626332	91.576896836175	91.5785744895376	93.1735946196752	99.9339169154886	99.9473676891672	100	99.9971277031496	86.9895064710401	86.9800714910351	86.9796471923662	86.9803499979712	90.9539028021345	88.0654211609333	88.105654406515	88.2188493325774	87.1358311946023	87.3650034067175	87.3728270195242	87.3735719976369
"6 (Manual)"	76.4324673550156	76.4033681328746	76.4113455850604	80.2437731405023	78.7184646889984	79.4951148975178	79.9046903085556	80.8080397437061	80.8283306495152	80.817130039042	80.8181190042556	85.6294487418355	85.5824782451814	85.5954782088708	91.8114539235759	90.2807870740921	91.5681082341234	91.5698056386826	93.1658262261547	99.9253646442006	100	99.9473676891672	99.94692840003	86.9947208312767	86.9852841023365	86.9848525230226	86.9855576094146	90.9511929062929	88.0749541431176	88.1149317013028	88.226352078788	87.1455482197398	87.3754075448008	87.3832921998517	87.384042094599
"8 (OG/fSOM)"	76.4417027227003	76.4125347295009	76.4205183656027	80.2720190040832	78.7493403791367	79.5193185825966	79.9272778524853	80.8229994217903	80.8432543711196	80.8320602642958	80.8330492882457	85.6658768194499	85.6184214341581	85.6316415748657	91.8485609307014	90.3220402412579	91.6044867942963	91.6061522765247	93.1803229543381	100	99.9253646442006	99.9339169154886	99.9347632627199	87.0030159203427	86.9935065587108	86.9930903800819	86.993785555602	90.9760745152294	88.0745991507194	88.1152210188068	88.2428685215534	87.1597367730737	87.3893642167069	87.3971726763541	87.3979213550521
"7 (OG/fSOM)"	76.7444812968641	76.708406199424	76.7179243477336	81.2632147294409	79.4557563919553	80.5679323329451	81.2143379023316	80.8342460017372	80.8509968417803	80.839476093518	80.8400769398151	87.772805873513	87.7358423893987	87.7374244766132	94.4453578323723	91.178448024905	93.0080720305985	93.0108819765254	100	93.1803229543381	93.1658262261547	93.1735946196752	93.1731418434229	87.1893384389333	87.1803310988325	87.1795625399646	87.1807787288716	91.3054300007034	89.1524606677098	89.2306769513815	89.5193301343679	88.6663206295901	88.9124117368133	88.9197433664814	88.9198611465316
"9 (t-SNE/fSOM)"	75.483645773688	75.4458134655102	75.4538385860403	81.3602442407453	79.7044160485436	80.2505884103018	80.6163350531738	81.5087837897825	81.52913442781	81.5171272300137	81.5181169112658	87.7373923557853	87.66978913784	87.6832418778791	96.3379685144396	97.8839565612212	99.9922944546551	100	93.0108819765254	91.6061522765247	91.5698056386826	91.5785744895376	91.578765475248	90.306323817544	90.293416796682	90.2941088119377	90.294096529126	90.7343443371752	89.2365814814806	89.2933590421279	89.8282336621675	88.5673805283309	88.8011488634765	88.8079574931802	88.8089194221587
"2 (UMAP/fSOM)"	75.4828354709616	75.4449948732815	75.4530212115876	81.3616200819797	79.7061807670683	80.2520249781867	80.6175233383068	81.5065002873831	81.5268499780771	81.5148441813882	81.5158338702183	87.7379002284251	87.6702633692315	87.6837402888292	96.336889025847	97.8861799170636	100	99.9922944546551	93.0080720305985	91.6044867942963	91.5681082341234	91.576896836175	91.5770889719771	90.3032993097134	90.290388388084	90.2910834747439	90.2910692073853	90.7314298844234	89.2324023692266	89.2891983777929	89.8240560623174	88.563595503216	88.797239690467	88.8040372570842	88.8049988299629
"9 (OG/fSOM)"	75.2255298559962	75.1870771148481	75.194479599915	81.2106477898714	79.6173949213995	79.9486605068584	80.2326261600926	81.4797055359602	81.500664450426	81.4887411753285	81.4898697451617	87.3050807037993	87.2296101092916	87.2461868575341	95.2704933534626	100	97.8861799170636	97.8839565612212	91.178448024905	90.3220402412579	90.2807870740921	90.2897327626332	90.2901081361533	90.2632515869169	90.2499205662093	90.2508436842795	90.2503943033112	89.7157439201514	88.4794684479805	88.5312654328007	89.3673333212871	88.0122714399992	88.236705528834	88.2431073607611	88.2443601706755
"3 (Manual)"	77.7127506235268	77.6712143702717	77.679648969658	83.2141096703663	81.2568477376905	81.8790807385753	82.352987549553	82.0514056492194	82.071236178778	82.0589191684876	82.0597180062145	89.6885220660878	89.6291581169102	89.6367819740268	100	95.2704933534626	96.336889025847	96.3379685144396	94.4453578323723	91.8485609307014	91.8114539235759	91.8223691456807	91.8227239092815	89.8692988072365	89.8602765232768	89.8601981750163	89.8606132084096	91.8582069381928	90.3677151145645	90.4235538372805	90.9679733267221	89.7525267349858	90.0120122530539	90.0201615098407	90.0213022996088
"7 (UMAP/fSOM)"	79.346530200797	79.3140304234224	79.3198584622903	86.2961041240582	84.8687634554558	85.3460992406919	85.5051731600121	77.92512343657	77.9374165377929	77.9282822951363	77.9284644507647	99.7702686947746	99.9099408841468	100	89.6367819740268	87.2461868575341	87.6837402888292	87.6832418778791	87.7374244766132	85.6316415748657	85.5954782088708	85.6254934034232	85.6264203345281	82.5395893981921	82.5412608999846	82.540805021824	82.541365081934	86.9988031042998	84.0214322416522	84.040226799595	84.077410187043	83.1646511757979	83.2918600474363	83.2951167177127	83.2955190894503
"10 (t-SNE/fSOM)"	79.3344625199507	79.3019291157634	79.3077647165655	86.2968313745928	84.8551087154788	85.3290906445575	85.4929206220301	77.9250822813604	77.9373770045298	77.9282356768343	77.9284207635007	99.7267181028005	100	99.9099408841468	89.6291581169102	87.2296101092916	87.6702633692315	87.66978913784	87.7358423893987	85.6184214341581	85.5824782451814	85.6123721085551	85.6132912295795	82.544897020454	82.5466226765975	82.546165707471	82.5467250545844	86.9853581833881	84.0294898039962	84.0471921000179	84.0712411306288	83.1616599442671	83.288532314842	83.2918577807398	83.2922601423508
"6 (OG/fSOM)"	79.3082657410208	79.2757512580214	79.2814857895221	86.2637421375092	84.8503062912007	85.3322028995958	85.4800146322684	78.0604702372868	78.0728272626131	78.0636683473932	78.0638439921561	100	99.7267181028005	99.7702686947746	89.6885220660878	87.3050807037993	87.7379002284251	87.7373923557853	87.772805873513	85.6658768194499	85.6294487418355	85.6598373607487	85.6607410026256	82.6296998068632	82.6313389513155	82.6308871214867	82.6314500938102	87.0492226014763	84.0785856357132	84.098767924754	84.1470349126025	83.2277904445432	83.3542481085246	83.3573799523004	83.3577793825894
"3 (t-SNE/fSOM)"	75.1583654681641	75.1319609217696	75.1325720424883	79.3321405553424	77.9085273773026	77.8717671061676	78.0133486393866	99.970423610262	99.9838140082803	99.9963605418682	100	78.0638439921561	77.9284207635007	77.9284644507647	82.0597180062145	81.4898697451617	81.5158338702183	81.5181169112658	80.8400769398151	80.8330492882457	80.8181190042556	80.8248682164764	80.823856623555	86.6693994238102	86.6848852886221	86.6787594770758	86.6794946936446	82.4745953674178	82.5484152921721	82.5602544227789	83.3819314087195	82.6569755361757	82.7970489777969	82.8035718632331	82.8041865964354
"4 (UMAP/fSOM)"	75.1589940297123	75.132594818899	75.1332048697959	79.3321607520112	77.9087207522108	77.8719857787233	78.0135283137122	99.9725894576201	99.9828979616776	100	99.9963605418682	78.0636683473932	77.9282356768343	77.9282822951363	82.0589191684876	81.4887411753285	81.5148441813882	81.5171272300137	80.839476093518	80.8320602642958	80.817130039042	80.8238805905743	80.8228690452656	86.66856554317	86.6840541771319	86.677927983849	86.6786636842952	82.4744518771318	82.5483721689205	82.5602238486408	83.3818320766509	82.6569837101357	82.7970547419591	82.8035759266975	82.8041903508877
"3 (OG/fSOM)"	75.1610471179908	75.1346398558967	75.1352535029967	79.3344890174964	77.9093906254744	77.8736013701049	78.0154048455493	99.9593653380903	100	99.9828979616776	99.9838140082803	78.0728272626131	77.9373770045298	77.9374165377929	82.071236178778	81.500664450426	81.5268499780771	81.52913442781	80.8509968417803	80.8432543711196	80.8283306495152	80.8350786852387	80.834066452652	86.6819232199055	86.6974081416521	86.6912828368405	86.6920187856216	82.4854738518005	82.5607642438667	82.5726036310045	83.3940327114094	82.6687533105613	82.8088742525479	82.8154014093159	82.8160173700597
"2 (Manual)"	75.1577284864122	75.1313389034907	75.1319503870572	79.3323344998046	77.9098706635152	77.8718250654015	78.0137257712765	100	99.9593653380903	99.9725894576201	99.970423610262	78.0604702372868	77.9250822813604	77.92512343657	82.0514056492194	81.4797055359602	81.5065002873831	81.5087837897825	80.8342460017372	80.8229994217903	80.8080397437061	80.8147963439346	80.8137851566697	86.6579606413004	86.6734367114497	86.6673127883994	86.66805004902	82.4705855765027	82.5420736858207	82.5540421705821	83.376655885654	82.653126348723	82.7930893554811	82.7995968692837	82.800207664099
"8 (t-SNE/fSOM)"	86.0023921220272	85.9586557134359	85.9639139004017	94.8578069571828	94.1180507512497	98.1261444624955	100	78.0137257712765	78.0154048455493	78.0135283137122	78.0133486393866	85.4800146322684	85.4929206220301	85.5051731600121	82.352987549553	80.2326261600926	80.6175233383068	80.6163350531738	81.2143379023316	79.9272778524853	79.9046903085556	79.9264893020091	79.9278446103806	77.6228867557052	77.637102972743	77.6327672359431	77.6334276953935	79.956020114289	77.2290024909841	77.2588889527493	77.7538052535211	77.1155590373751	77.2890469415087	77.2937949881296	77.2940892225956
"6 (t-SNE/fSOM)"	85.7216100471998	85.6804096515618	85.684166291454	94.6036818559419	95.1685695222224	100	98.1261444624955	77.8718250654015	77.8736013701049	77.8719857787233	77.8717671061676	85.3322028995958	85.3290906445575	85.3460992406919	81.8790807385753	79.9486605068584	80.2520249781867	80.2505884103018	80.5679323329451	79.5193185825966	79.4951148975178	79.5196438524927	79.5210563007582	77.2808300145758	77.2954762849724	77.2911486528908	77.2917590981096	79.4649701517008	76.8908195717433	76.9166159794756	77.2762276173242	76.5388150827867	76.7044578005461	76.7087216757537	76.7090589808843
"2 (t-SNE/fSOM)"	85.2545972512618	85.2129938115596	85.2168304977194	95.0850272982193	100	95.1685695222224	94.1180507512497	77.9098706635152	77.9093906254744	77.9087207522108	77.9085273773026	84.8503062912007	84.8551087154788	84.8687634554558	81.2568477376905	79.6173949213995	79.7061807670683	79.7044160485436	79.4557563919553	78.7493403791367	78.7184646889984	78.7435926731436	78.7451434257168	76.976686005895	76.9920325469809	76.9877863768195	76.9880481775893	78.8656798063306	76.9611771401368	76.949988190367	76.9082779991217	76.0591792703255	76.2083161293222	76.2127072762949	76.2131474868459
"4 (t-SNE/fSOM)"	85.8720345286492	85.8289628900619	85.8339642869216	100	95.0850272982193	94.6036818559419	94.8578069571828	79.3323344998046	79.3344890174964	79.3321607520112	79.3321405553424	86.2637421375092	86.2968313745928	86.2961041240582	83.2141096703663	81.2106477898714	81.3616200819797	81.3602442407453	81.2632147294409	80.2720190040832	80.2437731405023	80.2638126220689	80.2651652127887	79.2426641075806	79.2581308081736	79.2543511116774	79.254498270865	80.7754012382311	78.5782926144316	78.5689175605017	78.8122893615672	78.2031076574141	78.3527000577054	78.3582673258495	78.358856246506
"2 (OG/fSOM)"	99.9158423762734	99.9779821307398	100	85.8339642869216	85.2168304977194	85.684166291454	85.9639139004017	75.1319503870572	75.1352535029967	75.1332048697959	75.1325720424883	79.2814857895221	79.3077647165655	79.3198584622903	77.679648969658	75.194479599915	75.4530212115876	75.4538385860403	76.7179243477336	76.4205183656027	76.4113455850604	76.414029217782	76.4156021922731	74.0353240753715	74.056042004407	74.0493940219076	74.0509150041291	76.6835109861653	76.2053783448121	76.1860274951932	76.0792654228895	75.3967877403317	75.6460935823065	75.6574764629547	75.6590112852919
"9 (UMAP/fSOM)"	99.9067136120858	100	99.9779821307398	85.8289628900619	85.2129938115596	85.6804096515618	85.9586557134359	75.1313389034907	75.1346398558967	75.132594818899	75.1319609217696	79.2757512580214	79.3019291157634	79.3140304234224	77.6712143702717	75.1870771148481	75.4449948732815	75.4458134655102	76.708406199424	76.4125347295009	76.4033681328746	76.4060638358434	76.4076363240022	74.0315812377622	74.0523096903537	74.0456611296589	74.047182639535	76.6766740739106	76.1995073796922	76.1801680367805	76.0740512062782	75.3911686793606	75.6404214054209	75.651801695154	75.6533367912715
"1 (Manual)"	100	99.9067136120858	99.9158423762734	85.8720345286492	85.2545972512618	85.7216100471998	86.0023921220272	75.1577284864122	75.1610471179908	75.1589940297123	75.1583654681641	79.3082657410208	79.3344625199507	79.346530200797	77.7127506235268	75.2255298559962	75.4828354709616	75.483645773688	76.7444812968641	76.4417027227003	76.4324673550156	76.4351699395088	76.436743312348	74.0624953119621	74.0831774668987	74.0765339580111	74.0780516844632	76.7027848639561	76.2309023468327	76.2116072649239	76.1048241197313	75.4218828088322	75.6712253919245	75.6826051285426	75.6841400238099
